5
15
6
5
5
10
15
12
32
27
10
30
53
5
9
9
43
16
5
9
4
11
8

4
3
3
10
12
2
9
3
3
9
5
3
29
8
20
2

4
3
10
3
3
6
13
6
14
12
4
3
3
2
3
25
5
3
5
2
5
3
3
3
3
2
2
1
1
2
4
1
1
1
1
2
14
1
1
1
1
2
6
2
2
4
14
2
7
1
3
1
2
1
3
14
24
1
3
1
1
1
2
1
3
2
1
1
1
2
2
1
1
10
3
2
1
26
2
16
4
3
3
2
40
4
5
3
5
8
7
2
3
7
6
2
17
19
5
4
2
2
5
3
3
3
5
26
2
1
30
3
6
2
17
3
6
2
17
3
6
1
3
6
2
21
9
5
1
3
2
23
3
2
4
5
2
1
1
2
7
3
4
6
2
4
3
3
2
3
2
1
1
4
4
5
1
8
1
16
6
4
6
6
46
18
5
61
3
15
3
15
6
2
1
1
2
4
2
3
25
1
1
3
2
3
1
1
27
1
1
3
4
2
1
3
22
3
14
1
1
14
5
5
4
1
3
2
7
2
4
4
12
43
4
3
17
3
3
4
5
6
6
6
75
4
2
3
2
3
4
4
13
4
2
2
2
4
2
2
4
18
2
2
3
2
4
2
2
1
11
2
21
2
2
4
6
17
3
17
4
4
6
6
11
37
15
4
4
3
3
4
6
6
4
16
48
34
6
3
2
69
30
129
35
8
6
6
21
21
37
28
5
2
2
17
4
3
5
3
11
4
4
4
42
11
8
11
5
4
8
67
4
15
9
3
7
7
4
2
4
12
3
32
9
29
5
13
5
11
11
8
34
5
12
12
5
26
86
30
11
9
26
55
25
7
4
3
3
2
4
4
4
10
34
6
4
38
18
7
15
3
5
3
16
5
4
4
11
8
10
21
12
12
13
3
3
4
3
9
3
4
18
3
4
10
9
34
4
4
10
2
11
3
3
12
12
2
18
1
2
1
16
3
2
1
2
15
2
3
5
3
10
2
6
2
2
2
2
1
2
4
2
1
6
6
12
6
5
4
27
1
92
11
13
8
101
9
25